Answer Solutions Specification Guide                                                                                                                                                                                                            339
Photometric Data
LED Personal Task Lights
Initial horizontal footcandles for LPTL30 and LPTL30NR
Worksurface rear
                                                                                    
0"                15     14     13    12    11     9       6       6      5         4        3        2        2
3"                21     20     18    17    15     13     11     8      6         5        3        3        2
6"                31     31     29    26    23     19     15     12    9         7        5        3        2
9"                51     50     46    42    36     29     23     18    13       9        6        4        3
12"              82     79     73    64    53     43     32     23    16       11      7        5        3
15"              109   105   96    83    68     53     39     27    19       12      8        6        4
18"              105   102   93    81    66     51     37     27    18       12      9        6        4
21"              76     75     69    59    50     39     30     22    16       11      7        5        4
24"              48     47     44    39    33     27     21     16    12       9        6        5        3
27"              29     28     27    24    21     17     14     11    9         7        5        4        3
30"              18     18     17    16    14     12     10     8      7         5        4        3        2        
                    CL     3"     6"     9"     12"    15"    18"   21"  24"     27"     30"    33"     36"
Worksurface front
LED Personal Task Lights
...............................................................................................................................................
...............................................................................................................................................
Lighting
...............................................................................................................................................
...............................................................................................................................................
Lighting
February 2015
